23/10/12 10:39:06.353         Score object opened
23/10/12 10:39:06.354         Test file readn
                              	IgskrIgyk oy g vuvargx tgsotm iutbktzout ot iusvazkx vxumxgssotm.
                              Oz oy aykj zu cxozk iusvuatj cuxjy ux vnxgyky cnkxk kgin cuxj coznot znk vnxgyk hkmoty cozn g igvozgr rkzzkx gtj znkxk gxk tu yvgiky ux vatizagzout hkzckkt znk cuxjy.
                              Lux kdgsvrk, znk latizout ktixevzIgkygxIovnkx gtj znk bgxoghrk ynolzBgrak lurruc znk IgskrIgyk tgsotm iutbktzout.
                              Znoy osvrksktzgzout ul znk Igkygx iovnkx vxkykxbky znk igyk gtj vatizagzout, grrucotm eua zu ykiaxkre ktixevz gtj jkixevz zkdz cnork sgotzgototm znk uxomotgr luxsgzzotm.
23/10/12 10:39:06.354         Calculating score: Ceaser, i=0.
23/10/12 10:39:06.354         Calculating score: Ceaser, i=1.
23/10/12 10:39:06.355         Calculating score: Ceaser, i=2.
23/10/12 10:39:06.356         Calculating score: Ceaser, i=3.
23/10/12 10:39:06.356         Calculating score: Ceaser, i=4.
23/10/12 10:39:06.357         Calculating score: Ceaser, i=5.
23/10/12 10:39:06.357         Calculating score: Ceaser, i=6.
23/10/12 10:39:06.358         Calculating score: Ceaser, i=7.
23/10/12 10:39:06.359         Calculating score: Ceaser, i=8.
23/10/12 10:39:06.360         Calculating score: Ceaser, i=9.
23/10/12 10:39:06.360         Calculating score: Ceaser, i=10.
23/10/12 10:39:06.361         Calculating score: Ceaser, i=11.
23/10/12 10:39:06.361         Calculating score: Ceaser, i=12.
23/10/12 10:39:06.362         Calculating score: Ceaser, i=13.
23/10/12 10:39:06.363         Calculating score: Ceaser, i=14.
23/10/12 10:39:06.363         Calculating score: Ceaser, i=15.
23/10/12 10:39:06.364         Calculating score: Ceaser, i=16.
23/10/12 10:39:06.365         Calculating score: Ceaser, i=17.
23/10/12 10:39:06.365         Calculating score: Ceaser, i=18.
23/10/12 10:39:06.366         Calculating score: Ceaser, i=19.
23/10/12 10:39:06.367         Calculating score: Ceaser, i=20.
23/10/12 10:39:06.367         Calculating score: Ceaser, i=21.
23/10/12 10:39:06.368         Calculating score: Ceaser, i=22.
23/10/12 10:39:06.369         Calculating score: Ceaser, i=23.
23/10/12 10:39:06.369         Calculating score: Ceaser, i=24.
23/10/12 10:39:06.370         Calculating score: Ceaser, i=25.
23/10/12 10:39:06.371         Done calculating ceaser score.
23/10/12 10:39:06.372         Cipher: Ceaser, Score: 252865179, Text:
                              -----
                              CamelCase is a popular naming convention in computer programming.
                              It is used to write compound words or phrases where each word within the phrase begins with a capital letter and there are no spaces or punctuation between the words.
                              For example, the function encryptCaesarCipher and the variable shiftValue follow the CamelCase naming convention.
                              This implementation of the Caesar cipher preserves the case and punctuation, allowing you to securely encrypt and decrypt text while maintaining the original formatting.
                              -----
23/10/12 10:39:06.640         Exiting tasks:
                              	Close File
